157.66
125.12
115.22
198.51
95.53
265.65
200.69
104.50
144.25
204.37
200.52
193.34
191.01
215.37
133.20
175.20
67.72
116.77
158.13
150.23
122.17
254.22
156.56
237.70
249.48
157.12
229.04
153.76
159.56
123.28
128.16
242.99
166.21
154.72
243.17
269.38
266.32
181.46
264.70
167.26
279.13
242.03
216.44
197.98
289.16
184.33
148.19
346.56
224.51
190.82
178.51
203.60
254.56
217.70
157.25
234.74
358.68
301.99
240.47
301.40
207.34
318.38
269.61
314.95
280.35
257.06
282.89
234.44
234.75
291.70
363.42
305.60
291.51
219.01
310.86